PRUNED
0,0
4,14
4,15
4,16
4,17
4,18
4,19
4,20
4,21
4,22
4,23
4,24
4,25
4,26
4,27
4,28
4,29
4,30
5,30
5,29
5,28
5,27
5,26
5,25
5,24
5,23
5,22
5,21
5,20
5,19
5,18
5,17
5,16
5,15
5,14
5,13
5,12
6,12
6,13
6,14
6,15
6,16
6,17
6,18
6,19
6,20
6,21
6,22
6,23
6,24
6,25
6,26
6,27
6,28
6,29
6,30
7,30
7,29
7,28
7,27
7,26
7,25
7,24
7,23
7,22
7,21
7,20
7,19
7,18
7,17
7,16
7,15
7,14
7,13
7,12
8,12
8,13
8,14
8,15
8,16
8,17
8,18
8,19
8,20
8,21
8,22
8,23
8,24
8,25
8,26
8,27
8,28
8,29
8,30
9,30
9,29
9,28
9,27
9,26
9,25
9,24
9,23
9,22
9,21
9,20
9,19
9,18
9,17
9,16
9,15
9,14
9,13
9,12
9,11
9,10
9,9
10,9
11,9
12,9
12,8
13,8
13,9
14,9
15,9
15,8
16,8
17,8
18,8
18,9
19,9
19,8
19,7
20,7
20,6
19,6
18,6
17,6
16,6
16,5
16,4
16,3
15,3
15,2
14,2
14,1
14,0
15,0
16,0
16,1
17,1
17,2
18,2
19,2
19,1
20,1
20,0
21,0
21,1
22,1
23,1
23,2
23,3
24,3
24,2
24,1
24,0
